63777
7895
77930
90668
31773
91373
10126
13880
7825
18142
65561
44675
54212
50674
57754
95699
28844
58625
46508
74697
223
59237
18404
55555
44438
4741
34859
82390
40101
42061
18725
86599
31230
78969
30264
78407
14507
80126
84478
14692
4276
69984
35117
95345
15001
66839
95242
56915
58750
87899
83039
75084
99640
99170
62049
3193
76990
81248
65886
7897
23535
16617
59609
54650
35765
8399
69705
630
24910
23100
47308
19391
87872
47585
25839
85446
67695
65789
59778
65012
51076
95036
93067
28193
63015
20893
5371
59939
98762
19841
2951
77597
96126
70058
76109
2035
80821
42462
7826
66768
55568
73518
910
9458
74113
73683
95222
30611
90650
85057
61613
88640
35605
99852
33920
77558
97477
25790
90003
2253
75492
55636
74816
99475
32065
71583
85644
26681
15675
79616
89124
49783
27508
92243
993
60980
31506
59071
4021
65346
5412
4573
66238
32791
8066
30455
33152
57467
9189
32323
37686
13045
63405
28208
12634
28842
21535
79875
99089
39244
26426
42198
48399
47586
63485
1195
23850
43256
37483
30188
55332
20672
18252
9698
96610
38398
42635
42671
26915
67660
13067
66483
61339
12848
74562
96095
60960
69260
76347
47191
11839
84467
73951
76698
24316
33963
8152
88510
81840
27457
47568
68942
96116
95037
38175
61082
82393
95041
87112
37935
48098
22081
71998
57204
26066
15919
87728
10847
91748
38438
77678
3538
86731
33716
52373
23221
30151
15504
11804
87413
53001
8010
18192
71286
40675
64340
23418
7899
74193
84202
3387
45567
36185
72372
9246
90429
30018
6748
71677
50858
86370
42122
33335
86285
64118
88358
81666
70556
30512
17045
26944
33672
43698
37981
81307
65497
44319
79675
38975
79822
9972
30755
9987
649
59119
96041
64172
36654
53753
89209
10884
65515
44557
81071
50493
46617
49916
56633
27354
89684
72905
25836
97537
82551
68357
86325
39137
2762
49457
10569
36888
3068
96174
23844
70544
48468
70795
46096
86906
66226
24378
39536
99176
13851
99885
48786
69515
66035
7120
41250
52895
76941
1143
52649
90364
93872
5785
82923
22119
15116
15080
85762
28587
37605
9300
26183
28151
14606
49645
32752
55352
44773
23733
79946
21530
19574
38074
66537
27286
71791
33854
69235
76277
50399
97726
44676
7082
75781
48275
46045
80449
52617
10844
74905
54171
58251
28788
46919
80224
38601
24096
87153
48147
49453
46602
23319
14470
2804
77550
70338
50345
45901
67752
31382
93174
90200
23255
80800
70532
45876
9646
56889
18268
54386
56791
91106
53152
27123
50839
80934
13689
45765
72002
82866
46468
7762
67072
90931
72851
48136
46010
48808
46223
7040
81716
66100
66095
7310
52091
39713
78273
90692
99768
41134
29970
57640
28380
11655
76891
61356
61789
43116
82394
94637
59936
66366
40382
34409
22795
23260
2367
19173
97233
53073
38656
30214
60939
24925
41940
9834
90695
34965
13618
90917
22494
49335
85532
7654
56204
12814
81616
93503
581
90923
89098
89435
77575
41664
49244
25169
9283
14150
31688
38110
53465
54960
63447
66772
74309
42603
88647
18011
73098
62134
87946
58526
6097
91001
6983
33060
64371
14722
49812
59947
52652
61001
24063
20249
68519
84578
91659
45994
15188
61426
45793
26846
97152
4193
97842
23548
58250
32449
84485
79006
36015
94411
11420
78386
58935
32202
49948
7745
60958
26713
88220
14935
1023
70397
39786
39489
92514
31612
2557
57587
59555
61655
26011
15446
62498
78367
67489
14389
54305
52648
72010
83511
29548
68848
69531
43587
97455
34791
95800
23435
98457
84634
94311
99659
42027
34213
11667
57318
18686
68307
35804
48456
91182
86219
55220
60945
81403
85517
70159
10252
29516
84659
9247
53033
44230
23849
55370
35206
70733
12370
24518
27371
97414
90162
33315
35178
27013
72812
77620
46264
93705
91511
68981
61447
38948
62167
44618
33673
66082
97633
5425
58917
93372
36510
63285
48354
23244
56568
51887
87742
14936
53797
9714
21394
76649
96892
26994
68553
48993
24017
20516
59489
81087
4252
25245
10665
99310
45070
66880
57666
23483
56714
27856
12340
47775
74648
9757
2447
10460
5422
13593
17104
29446
83109
60480
35107
75347
47640
69368
95155
5249
91025
86897
18341
34895
80724
95722
44344
76118
84286
48634
60765
67782
47083
87415
16985
4897
4162
30733
56399
58111
87422
66335
18899
67726
13268
44087
30358
31718
32510
76661
88027
93207
4856
6134
41610
6454
64075
61700
50082
79487
58061
37455
34472
65908
85646
31545
69954
8514
3234
92592
59045
67337
34289
97652
8000
52583
65496
9106
45010
3207
43355
72843
14799
18410
56098
35062
45459
54904
69293
31394
76009
71392
49248
57146
19835
36788
73330
73957
32233
8584
93157
82951
48575
5909
23197
5977
44219
59793
49804
86606
91461
66880
27365
64413
52180
22830
39450
40743
64754
78517
52883
87118
58062
56810
373
85228
44010
69984
49355
12787
89634
79933
32517
93725
37541
76148
22912
7755
31114
95932
28213
31878
71728
62771
67487
22882
68973
26632
48610
59099
5157
9161
39635
97035
2912
31255
58174
99312
16392
28002
57069
89353
42990
24077
78433
59999
73645
45613
90865
23445
99599
89489
4294
64405
16276
9634
45020
80558
43543
38920
75973
4160
67305
66815
3886
98419
32585
77009
71433
43935
19456
98364
63815
6946
93062
44762
60998
20047
33384
16188
19889
52848
25236
21131
47729
62234
55465
11142
79944
10298
59187
72786
79237
45758
32204
35547
10890
75574
78071
73049
33517
16403
63902
70078
77936
52628
96449
82963
46519
46354
14511
34727
61253
4975
17496
20943
83336
66504
91531
3385
93021
88327
85357
37965
99201
1659
50429
69572
16805
78445
31128
20551
61209
14847
63469
34702
33218
57213
8766
27481
49292
73930
31291
8259
91495
92751
89153
47495
88467
34384
67085
26944
55968
202
99270
49499
42077
58635
83147
10789
14161
65325
68401
7198
23997
17666
82954
7220
38224
71858
58393
16518
95735
57102
30137
99232
42526
2026
12185
79163
66687
30526
42005
19661
94812
58040
19761
34221
93063
9242
64845
44505
49050
93170
40077
11417
80852
47101
94590
38724
11648
47798
65072
19099
27947
47112
81835
72588
49798
79834
49851
92241
99854
51804
1600
35151
51707
47451
50769
6444
84329
46114
68897
93841
99077
84609
35037
30902
98435
25620
35846
59359
63047
24947
50299
67436
81740
24776
64133
16395
85316
75843
49921
85307
28910
32477
59176
47650
77583
24043
5472
19955
3976
42701
70771
86996
54516
28611
81373
94518
39219
20571
90784
12215
20686
28735
20430
76698
3453
27937
46790
6043
56228
32944
5522
23623
66787
29519
84091
75876
38365
78213
34324
5099
91651
80351
83787
28298
70019
58476
95620
24548
40240
28027
19816
19651
22525
5881
96760
85789
84926
56739
73682
67982
39785
57724
1234
18415
57954
49728
10125
65584
12531
3873
58132
73394
57150
36326
62267
19469
51017
17749
55081
40328
41113
87240
2041
10836
44122
42732
22859
6630
74806
79967
35276
47539
60251
94722
11817
30329
10122
40921
95848
14764
63921
41839
9314
86941
20117
59567
56021
21521
49621
3700
57039
34605
84173
98559
58362
25648
64183
48390
46649
41186
17202
15511
68846
44099
78737
92963
31220
12117
22788
24702
51693
13867
49239
20221
47871
94933
91691
16382
1809
63129
64302
72178
63781
11600
80488
94441
47342
52948
87129
56674
8516
25640
34656
40527
9955
42889
33793
21381
97516
27295
77006
7022
1015
97506
19204
5966
84371
41054
66067
53839
21347
75094
42640
93638
17687
23354
77651
9920
32803
83648
38975
8379
32718
19147
10270
93793
78279
71131
98677
76368
63883
57644
6879
29087
2489
44699
88554
9829
78336
40985
31319
81204
28844
51338
65003
82024
36837
70392
98979
11585
63833
86328
47538
24731
61106
68103
84449
58992
84925
28835
43981
295
46459
8749
72186
12646
83845
22536
83890
59528
37414
91520
85934
40145
81639
74917
20406
53263
48280
56147
49247
67336
69459
47161
79672
53280
96910
38294
7839
52456
70664
9650
93198
68300
95662
47906
79714
85946
7164
94024
11827
16433
21320
50743
40566
49808
4221
68718
51919
2160
5293
60100
92511
85981
85991
94820
66465
86401
17057
21984
41728
15396
30076
4997
80090
98066
47401
81083
47852
45529
38162
73188
10873
98001
23753
33431
40487
58714
77741
13554
67853
14732
44684
69935
88003
81518
61792
51408
16290
82791
90012
66597
72009
87681
86504
78839
87119
18621
9787
46987
3590
73129
47023
37784
30698
81678
96049
38165
64927
47217
68322
7548
51523
2951
44860
24670
63928
83830
7094
26600
25459
22179
19753
48414
85302
89278
82828
93569
97040
26000
5181
90154
71938
61378
34296
51144
68880
13092
13568
69334
5324
51640
7230
85529
28590
81622
22595
61011
81245
73006
92263
40882
91908
46701
65844
75783
71818
2055
59582
82616
37396
69737
67689
51299
23420
19005
28423
71557
68962
65627
22877
52794
94120
84450
92100
90102
75881
62055
47215
72204
97776
65429
26750
16719
32307
65580
86834
13267
79363
51269
80601
49105
76467
39077
97729
56374
35370
32412
84766
48505
46675
94134
1712
18023
76499
60875
4511
3156
5214
13192
85781
91759
23722
62134
56598
73752
98062
34547
49881
83573
59563
75144
22902
56256
37260
84064
81101
46387
79800
33798
25434
41217
9810
92936
36083
80886
44430
47836
37303
85540
96323
77560
76075
90117
13003
3324
89573
13244
1562
87815
84994
19728
49186
43942
71015
59412
61580
51215
75167
19662
85595
56237
54454
27277
74732
8087
2356
5865
38927
42259
30422
97827
83729
41441
4656
59815
61269
64693
99735
52856
72485
3769
66097
36004
86355
73419
22808
78453
62728
61373
32275
32431
97388
61170
40714
77034
38141
71253
93339
84798
66699
67805
86795
51091
20414
64421
24213
16168
18548
96803
49348
77063
71766
12363
997
82178
59448
49741
79558
77923
85363
75514
48285
33653
21022
62244
54874
76411
47434
70362
51153
53666
60171
91330
45664
30158
21912
16680
33559
60038
32224
72217
38997
80306
70907
84647
78070
97667
46736
84596
59291
80927
6977
78761
18876
48181
91947
34679
94033
93923
58772
57400
26064
7213
77694
3989
85817
15167
89230
70533
33355
69883
27014
66437
85263
59985
24274
6146
7597
46067
34037
57352
44927
89501
83961
66438
99082
33026
77917
29175
19154
93416
59627
83206
80767
70914
78618
25493
6262
58836
30708
75587
47681
39711
43761
32498
47252
68026
89529
90224
1900
62832
68047
52624
61048
56835
83577
22627
8167
32872
96527
43043
45402
14832
50006
33985
10126
93276
12408
89096
97318
77744
21890
32126
55364
45778
1524
68613
53913
448
15854
29875
46317
13260
8900
32276
31153
61919
96368
68319
41009
15446
50192
43366
85752
5439
99799
83255
1943
46937
64243
97895
40135
92002
41978
728
5748
5866
66354
7257
94228
38352
3900
84630
11069
1136
10459
31338
43420
36916
45400
31460
23597
68253
681
30206
30407
12992
16982
71532
7765
27730
40192
11128
67590
47998
98027
71183
62371
34193
53585
48504
59017
83003
23735
57817
37816
41153
99142
84329
99958
30420
77899
54798
62839
50239
60784
38248
12716
6525
56809
75807
48750
64052
85592
78205
40402
43469
9947
14986
6658
72468
54650
60254
55085
10577
66492
89119
72473
13132
74150
97441
19501
72926
94961
52590
51661
59097
18909
72673
17575
10002
38840
50270
16933
70858
29960
80499
75916
91897
66945
38350
77838
42434
84740
19459
9583
73552
44637
81438
78885
65326
7116
20914
54211
32136
66860
84114
4616
6760
41134
60714
67268
57319
46975
29297
93174
4073
34461
23159
75329
682
40742
59945
71914
73047
10932
76948
78521
77718
69599
5123
52327
67610
6928
89207
41165
54606
37889
37061
34021
56368
28246
76753
77231
69226
78117
55278
69560
96582
5687
65634
44068
78120
10389
78555
27707
51832
56397
73688
92068
52550
47290
16463
60097
16503
57341
42888
31800
53000
86700
8315
63103
64460
57440
56587
77709
85146
56165
89757
73588
85775
57092
55545
74893
47728
49877
50487
48282
35022
74931
86261
89938
68235
46806
17206
23013
48559
66237
47568
72031
57268
38581
52568
76727
66282
72004
39043
65479
15539
68184
78484
49672
44681
55430
84033
76446
61980
45476
33015
46606
48585
78546
98610
81905
63320
22258
59371
79440
3469
83854
54478
55387
33390
11558
46973
69417
54999
97980
49679
73190
57287
63966
81193
61201
53792
34109
56133
90041
15151
49171
83153
6289
60162
80174
86148
95378
59267
7549
32685
29964
71085
7910
12244
1183
31504
76260
85586
6564
33891
48744
30588
55263
26682
57459
69568
38492
86407
6923
25150
51937
58948
50165
23661
2111
70375
77667
58384
54485
98623
13972
29033
4100
77279
5081
65181
16653
16183
22974
99058
43204
13210
49538
17925
18134
10286
76927
80149
94220
29975
60023
11107
48099
31187
57334
74616
20986
21644
57655
14245
51467
91828
4139
75709
7489
93616
2457
16734
1982
16837
64199
11849
86341
74966
76305
92048
47991
79921
79563
87370
39924
3085
72400
8460
72083
36419
96670
12878
61223
78801
76737
15444
20915
8482
83771
34096
31447
26905
9207
70959
72918
93367
84509
70587
94257
83368
57281
50676
226
80861
9500
96218
25845
67677
40364
55186
88389
23138
38037
64309
53640
88664
63580
65358
32265
57018
65391
79044
34424
49982
24492
16145
11468
53329
44725
7213
91145
75054
47392
68422
17266
31319
97994
77614
10813
54488
7372
50980
47023
12374
30473
895
7964
52319
52663
78108
73572
4329
12177
58660
6638
49437
90979
22993
26327
65444
22958
46968
64402
79661
43171
1425
13080
67872
94599
32797
87894
28165
88476
12187
86541
98087
65633
41377
15737
59164
14669
48150
38343
58994
59768
61332
93632
84747
31321
65181
63567
14098
42596
51758
97163
93260
44679
61017
68113
51647
86971
91011
8344
84359
29877
4723
92922
15378
99238
26005
44952
43917
51904
87164
82236
12785
90959
95314
68965
152
64452
83134
5489
5497
88477
48018
28578
53328
53565
4104
25635
81062
49192
19219
74991
2182
41883
27290
51180
52942
16388
34954
70656
93362
67711
3197
59330
64787
54927
49178
56714
45462
49044
59079
74234
28812
78082
48314
74973
12034
8648
34264
69919
79464
23249
17323
19833
21240
81797
23662
94941
4719
55808
86925
83233
62653
16692
85323
7260
47520
47766
14445
24192
36688
71219
99050
71461
68608
82397
8651
70069
11135
72661
41571
30072
44611
68881
85095
1443
77340
89465
27996
38055
94893
88568
27148
33292
90384
14715
78125
21121
58271
2876
24239
88128
870
95641
82235
86969
88314
69676
16227
39185
79550
83345
53940
4136
69307
17256
36601
7171
45848
99855
38316
97402
25411
50179
58261
26890
30117
22251
97101
10456
67988
68822
50583
82470
99917
50069
40953
22347
27184
57965
86368
21202
31719
64625
92941
16380
88157
16129
85458
23598
90198
689
82960
74309
38961
18210
80577
87008
29939
33364
68770
72079
38429
63230
21767
77347
11228
82121
29205
2016
42396
61499
93274
76463
10373
80309
18506
10345
61961
98942
27356
3753
91070
3798
98226
22525
83938
15781
60634
26811
65640
21829
43562
43760
19742
11617
53971
89264
8529
43395
95290
46260
88213
34228
89381
55700
69265
3778
8062
68455
87732
48212
73398
45837
69056
77913
46744
38872
69698
40606
64250
1965
2708
52825
85642
74879
99285
92683
83181
17729
75426
90574
17306
4871
40467
30215
24420
19169
64311
77883
46818
76747
10415
23928
66597
58168
16389
22492
90818
65137
33394
51213
1769
92439
14223
43675
27211
50465
69466
44001
26224
26877
64553
46657
12652
82160
821
32238
53133
26549
29390
23657
83275
35483
73194
23485
33673
17993
88725
74564
85096
18019
22700
42105
64262
42746
19804
76525
45870
29339
42686
62927
70491
46569
93105
90843
55066
37687
40639
1019
46968
50124
56611
48338
52767
27005
30022
83025
51251
7468
96531
46421
43624
54894
53054
6335
86952
24248
89245
5504
85293
8318
77222
49394
17991
60515
44779
68697
89403
30754
92514
42351
76742
61336
80651
52526
92193
95121
23500
35262
24073
79081
59416
62758
69389
53771
87975
11446
88640
10125
17397
59664
99477
26726
7030
61292
40218
54526
43345
1399
22044
54821
58814
64793
93872
27921
36470
77138
15569
26543
26032
75824
24431
44866
20469
10459
10989
97423
82750
78266
64350
82848
45676
7059
46930
41395
1266
20664
99910
85873
13683
77837
52904
63189
52807
70434
42552
74156
16656
8039
96224
13468
80893
25956
83167
74864
57554
96462
10024
51072
92179
65603
19188
36414
56267
66148
52986
56075
92874
7967
89700
52909
33262
4804
57665
69105
60915
16954
78199
46078
4195
69349
41119
77834
4791
80990
37518
19062
69690
1922
50404
78818
66265
4275
59614
29003
34635
62163
61808
76809
3412
49275
23610
45722
46269
50860
65633
46314
4586
7281
87589
86171
27921
27090
96460
28721
70809
50589
94745
8833
5338
5557
49774
59091
70623
23320
68185
58367
356
55283
43542
36877
45070
70468
29916
71153
4393
79666
97724
12779
19058
74315
89354
62477
79855
47794
52686
98457
65749
47207
99736
94867
724
84703
58593
56605
23786
70396
48344
20409
83215
64231
62469
970
35385
27846
13576
35542
64149
19361
38310
33012
41849
58830
28969
75872
47058
56963
52084
89433
13808
43199
10170
97382
13309
29034
75232
77481
76096
677
69464
28673
82795
72218
4036
33225
34876
1067
21049
70084
97825
21001
13570
20792
15503
59709
22351
84781
38356
80651
20176
4524
62965
332
62473
94999
44715
99102
2386
55949
15316
11281
66425
66000
52058
76862
49314
96669
33993
32920
15390
81609
68175
46572
63275
89913
85122
20785
26258
91897
43229
34792
49057
54772
67147
37874
77056
35172
90035
18857
92611
84047
23704
25114
40823
1718
72813
15988
60829
44436
31271
36736
24921
52281
80068
51315
79297
18076
90339
82945
29577
25071
71439
82882
63120
2637
63355
47344
19537
94851
68643
45832
92566
94647
97014
61494
94878
58449
7335
65594
38488
50931
44960
17261
3546
58333
91912
10765
54118
90984
85491
1908
31087
15238
59902
32445
48927
40865
10641
40099
33327
85675
64938
20627
4261
41902
49660
8290
73621
55529
78848
88278
30254
32012
93682
28937
96916
83431
36588
2705
61824
42165
92492
48917
94272
35263
96319
29928
74142
40373
89321
61980
87835
72047
28023
49552
76384
38334
45349
24477
53127
48592
47119
5816
88249
94196
15242
7961
83405
75183
25276
53512
14769
16948
81621
74434
8795
89944
16059
17411
35335
25974
86341
45899
92843
53046
93234
86427
4633
77450
56772
42385
425
74149
2391
30652
43724
23958
57742
24068
39467
66923
50621
18011
62890
37701
34858
38018
34059
35418
61540
92895
31692
82649
69878
73216
50740
25569
44019
48094
93263
58238
81482
22270
16965
81457
99373
53730
33826
70858
18309
39796
3239
86394
64341
80564
47468
79521
17907
63706
10794
57279
5069
16035
21855
34235
16915
35832
93399
27968
58515
98968
51594
1569
97823
5189
42304
83565
56635
55385
6256
95844
53495
12030
48162
48039
32602
94104
99462
55013
14160
71134
45590
40766
55066
23862
52505
8470
49654
2769
22924
33979
98466
283
16432
63143
2482
83560
15915
90690
42870
96078
85061
81820
99806
9245
29454
26810
12902
41594
86132
31143
27118
31474
4704
96574
28797
84766
61147
8319
67313
41118
38030
18660
58550
2590
56285
21987
97355
98850
82460
24695
70500
69597
93944
94845
95379
93148
72164
23480
97964
10691
4423
33023
67262
87367
80693
13758
80350
85459
96394
6368
1707
82871
62918
31760
97800
68894
82685
3949
65982
73674
90788
97471
52820
21603
68120
33530
53850
76495
67572
90929
44904
94596
48875
56646
84150
83231
28552
24806
61721
31507
54470
35469
14476
67069
70496
55494
15183
64533
91077
98683
28259
77299
60727
64848
77211
27924
25555
98993
67716
52920
500
89165
9501
40576
85488
14133
84897
58543
11729
311
24003
56558
21084
17131
87113
53212
32941
41760
36466
51564
57598
10122
4414
36145
73159
17809
60019
62094
81825
39374
35518
70172
11489
98444
60120
53643
58629
25715
285
25202
69383
15030
23533
82969
42897
8023
99813
98174
55744
87443
66079
79884
19618
80663
74650
60598
45858
99435
18781
96746
96323
10119
49781
64442
197
8512
58938
85071
72176
13342
1273
98870
57594
44284
50106
78641
36253
63464
85777
63466
11460
10687
67052
35070
22314
75990
41770
61034
32559
36158
66852
12389
66400
95521
87054
86877
37831
36656
42127
52656
2689
83253
30064
20191
10538
56596
98193
62500
83265
87717
34580
12929
9315
31467
44941
22358
98799
86446
60849
85272
90050
37361
15141
14705
69388
39624
23128
92962
73045
98730
65560
10202
90984
41154
43810
81240
96535
8682
67465
74663
88169
13507
34557
87373
23052
14534
99758
3840
9195
11393
44359
31458
24630
90996
63827
38890
94973
47390
78212
95981
22452
55366
77793
99134
66852
31452
79532
31659
60536
13412
25133
66994
49564
69837
96952
91193
37825
79015
34705
86220
83139
51355
31663
64683
55233
75566
89369
60661
3187
40552
48487
53401
79896
71498
18244
46799
46360
23366
23782
77861
18585
20057
19694
19970
77465
84056
34826
27409
2177
23504
42337
10305
7497
95049
63137
13646
36704
71101
30645
80489
70846
13266
81270
29384
54941
414
40151
88556
33309
31145
19232
63243
49220
3206
61463
22322
37125
77149
46897
72219
79806
92003
11937
1813
3854
41063
8475
97701
4644
1950
51879
91316
65384
23527
47432
83172
75175
85956
25332
61130
84232
11848
32669
23272
42880
26333
19199
61238
5214
85752
25960
38624
84925
30501
15356
45232
60363
13355
96722
43051
94089
42707
91136
73198
97462
4491
23843
94354
30166
37395
84245
73406
9863
9702
53453
90086
47890
93499
9210
1112
92646
9892
20518
30072
11153
31983
76092
3288
6062
59226
43632
6110
89021
24996
35425
59160
96527
94122
50555
39312
63134
24740
2110
97044
78703
7515
16556
40006
77982
24991
86811
58007
26204
12679
69692
74376
57108
94575
84318
68028
24709
19269
36066
68992
66072
85024
46741
4317
23410
47295
82064
93592
45706
28682
20005
20609
21469
79819
46031
82040
60291
13576
72854
93205
94420
7112
54771
1674
24579
20792
2392
30865
49256
23988
3386
24122
89043
20333
88527
84286
56126
43280
92959
98385
87222
48066
24913
85938
49576
47099
64209
68274
44287
95166
61152
66831
38779
48572
44338
29556
88496
41841
32658
27500
15814
26081
662
94950
73158
14229
96513
19873
32836
6889
61774
4551
57612
34639
99336
24471
17281
94753
26508
55922
38654
86703
70757
99156
83924
89826
43678
89097
57676
55787
51005
69181
60615
28567
164
66251
61589
15714
88412
16574
55150
72530
90277
93231
10192
42978
98175
93197
2977
72332
23667
84411
51796
81159
29280
1048
68268
96440
47593
58965
16001
13424
21474
12981
67641
66721
99127
53278
20638
54677
46242
24557
10291
5275
90538
90021
55338
42605
86549
20974
73856
50476
44730
59986
31948
50789
33723
1987
46895
33233
32010
64676
40739
75996
69136
46688
29146
49820
40885
29497
17637
5006
19665
58479
72128
8749
61777
37005
42601
10254
46183
8833
82736
82798
74534
451
56194
45375
20089
89297
81466
71619
21421
8339
79628
9367
73889
37233
54661
51833
28745
98865
53522
23155
43439
97825
51825
91121
37731
80851
59494
37801
46929
63101
2667
23137
91404
40736
6828
38626
88119
57624
6121
62305
93336
58137
7517
40636
11802
49367
86542
88392
85126
61401
45083
71304
44692
73644
22463
98967
23326
34595
19146
40424
50001
64743
66056
55214
44362
24377
44345
50081
94345
13654
37629
72432
35036
18643
35550
89674
21493
69720
42619
79308
33298
39679
57551
99590
43586
31319
23696
77746
94025
44860
99235
65588
22781
42080
1450
52418
5706
35507
6730
18258
28037
2599
82508
19956
91719
43774
8244
77684
26341
24768
96600
33768
85454
37010
57243
75821
46183
59689
72074
79943
16575
98432
95736
29909
13245
72113
1537
10914
83142
20599
2173
3699
85712
75817
10748
3638
26512
91871
30114
81617
46007
28186
86007
25232
60591
22956
49000
67729
70696
60320
83143
92288
13461
59071
16959
9052
82689
40553
32818
83931
6341
20062
17298
29481
84177
44749
840
64042
34877
46225
14323
36267
80935
74820
29471
85310
19169
80438
79290
81268
57084
33351
579
84053
70017
29269
96323
61147
94644
65071
4390
90720
41828
95597
64725
69521
8658
40759
36636
32568
53604
30741
76640
70541
94190
24245
31529
5866
7369
64388
33572
79273
2238
61676
5882
37846
71813
70956
57189
52191
72953
83390
49993
28534
64386
15969
84538
20178
80714
6176
44610
55883
4595
98647
51794
31931
14646
67376
10807
29971
50304
22007
25498
57961
24538
90263
47065
63450
3396
66651
76827
80420
40111
93272
10764
55879
14280
99069
48340
78627
61566
99953
62767
51002
11810
52590
90192
29120
74202
19972
50955
94202
53375
78216
16965
250
82963
5094
30391
7027
52524
18547
23894
99898
27534
84912
78534
93788
4179
74756
91223
33793
63658
59379
10684
72264
15623
6144
53719
9351
5044
14646
22492
11166
60868
29775
70267
72596
2349
73023
40571
68614
78321
55055
37996
52389
27341
90131
56476
4450
34338
5025
47086
73973
16763
6231
2788
57257
59694
38584
71557
24572
46057
74407
25836
79341
69803
27458
72468
17362
65374
50419
69830
5394
45366
99897
63241
42296
98058
33386
3683
12250
39929
10405
80650
79150
43695
19048
83400
76108
59728
54574
27767
79100
56162
17589
54625
45720
83021
31355
72369
89938
52253
88371
70623
74320
29969
36059
69279
48291
876
59770
86659
37856
4505
62542
28242
1931
23739
86142
39349
62741
29541
14711
24839
77322
34252
21989
61645
74684
4752
6596
48546
12083
76792
62277
43318
15490
78225
33573
88609
61838
28879
90934
99854
31933
14025
58666
84736
7955
75215
209
56195
84229
79043
81348
11536
54017
66263
36789
3001
30761
99384
18403
96204
16428
2524
93801
63734
48039
61171
91595
16501
81161
85472
16375
92903
64106
96751
85401
2982
18544
43289
65788
81870
163
15803
8585
84638
96909
99020
72679
6305
10940
27193
26897
3082
82561
98828
87780
29307
49850
58568
62168
83677
52679
35509
9203
8979
71637
21888
25935
11472
77838
29518
6209
89535
81689
72177
45408
30096
68136
75885
39526
72313
18702
29780
63165
15095
16235
60599
4775
71349
75762
85659
75573
92128
36552
97650
29041
64037
16428
80847
13110
31055
19048
92966
18182
31751
90323
13549
81428
91276
88027
52465
20931
70231
58336
75055
26342
7810
98835
16763
151
16794
88726
83337
53516
96036
35967
50136
94469
44493
77167
34695
61714
4919
11331
66306
51446
753
61538
97612
28301
51451
41987
33529
29856
84976
77827
69483
2799
98016
99311
88585
71191
48088
45420
69485
3908
32021
19401
13851
24311
64141
75563
14826
47387
48747
92753
55603
91472
70977
61884
32046
61151
74399
20992
58553
20721
78047
59318
67571
40840
87281
77917
72281
97393
13725
57208
18874
46950
66582
81925
9396
45657
24079
80787
79697
47348
9006
83496
33333
8275
5876
96413
58148
61529
88518
35349
15029
87563
57102
64707
61283
15473
11917
81389
71447
95907
90558
22014
91656
45054
18537
84418
98378
74646
83741
61452
77189
39392
70384
39985
4598
75839
20920
92683
44704
24806
49043
28200
56650
86532
33651
39509
10069
59233
57261
52550
45683
36805
4408
66281
39170
33616
22487
29828
64255
74334
88630
41064
12466
36233
88208
35805
22826
71530
34050
28141
98695
59779
83149
79879
38971
88363
67835
93036
43725
90444
88399
14510
65357
98007
51867
70570
78964
3973
87745
90632
89550
16545
16329
23357
9399
49644
63748
23765
20523
13845
61531
31081
72976
35700
94306
45955
84575
91793
39241
87626
37273
68786
12584
96619
27563
46561
52741
47942
3668
28561
73890
76433
80014
54548
78935
74065
76268
87699
69227
14773
90940
25258
23977
86411
9714
15740
51215
16813
33912
16913
25652
42080
24618
19017
33119
17699
28453
98316
36002
59569
17484
1627
71829
30524
8826
52626
27308
7629
92283
17518
97707
9959
81099
14302
50387
84992
54460
74033
6719
27697
34685
69793
44843
1049
33980
28917
20253
32943
99291
17447
71376
94525
6399
24739
89364
93455
72104
93958
37744
7618
23966
59120
28030
93338
33783
83455
15137
28601
77095
43717
38352
83517
39820
6556
13799
6879
69967
18233
63544
17684
91031
13032
76997
63490
85764
47244
80270
79565
31862
97027
28616
11578
96638
93637
61432
10408
76736
67114
49249
69258
50217
30263
26795
57056
20039
9818
38119
50435
34887
1148
26186
3265
73289
8183
77412
59050
17396
12340
10055
27084
7529
86753
55106
91428
38227
73154
68026
92749
84513
4245
49847
41259
48444
64643
97284
3915
53713
98925
54041
82498
8154
36449
72167
25005
3647
52125
74570
67857
59357
65832
12078
29033
733
25163
86071
95488
80740
93691
76064
34721
63122
72409
10990
1401
70888
68763
52218
49378
56262
29900
67230
99034
63286
67390
8576
39972
11284
35380
73922
30507
10755
67889
20682
84520
90153
51340
83512
72570
49302
69147
65309
32627
29712
70963
90668
54949
58571
51625
82011
22564
68780
12461
25551
85907
53647
63213
68741
7829
94801
35583
43095
83251
75022
44969
54883
68206
61141
5563
44794
29032
52598
91564
43525
8017
19186
18792
57163
41507
1617
28931
38735
66384
77534
44126
27332
20122
47953
80757
12867
78869
26005
32558
43992
96520
50631
82817
43695
47667
95492
26652
13022
64282
35158
96696
70945
35343
93375
13015
68937
40621
48383
90516
96822
31568
37277
87520
45182
36870
17835
21698
95157
99369
64094
37690
59699
60525
61404
32613
32520
59288
69454
99454
8962
24189
5265
39038
45819
73418
777
47562
55557
69518
58220
34804
51483
5268
89267
97056
49265
78350
26537
88582
81715
35165
97011
49127
70879
86409
96648
94910
57711
77492
31108
6717
50190
84187
89485
84854
89532
39594
82473
51300
78447
11003
25807
81190
18181
74921
6004
24904
37701
42600
42512
61003
54116
81345
7900
13167
15286
99156
7146
56320
98511
22888
38233
57800
54286
28842
60586
16360
66843
34054
53910
19028
87388
17265
52906
70260
88681
6042
4547
38762
56011
14858
38830
45073
24211
48853
91403
27468
43420
44248
37889
20890
43977
93260
17758
44968
73134
42275
23661
81292
96062
63580
39314
13709
6218
4575
82911
7683
19639
95448
98334
33095
78098
34134
26086
87337
13389
85743
94070
94265
2053
96278
61825
18691
24207
51555
84710
70839
1929
91548
84448
37776
28445
75038
96119
87477
61485
13495
91820
90184
92984
43758
86165
5173
59672
86069
41028
77436
82251
34386
58743
22464
16583
83445
28437
39859
12886
20892
80681
6331
30037
55642
40991
60703
59287
5324
45209
31659
91517
14748
37447
21078
78199
1705
59520
70908
13223
47495
38166
10182
29400
70704
87471
20538
1284
59130
58234
24443
7998
89055
16684
18142
9419
74603
6787
71604
47667
69624
7335
23809
70232
74651
47909
12089
88042
3938
38605
67046
81180
74857
26344
2890
2589
22590
59962
84555
64286
86410
1200
35089
24674
39754
96634
65382
83888
20661
72479
53472
44124
19777
71514
97321
1194
57963
14014
15646
95993
10024
10909
20678
15547
98995
57472
19541
49396
85015
9739
85787
34888
32901
61116
68338
67649
36494
40779
64563
14782
22003
85015
59643
34280
12513
83679
18562
39724
63316
23303
82580
66083
45345
33236
41164
48545
70148
1386
87848
3459
75443
24719
82768
2363
89656
71843
42259
35710
27892
65245
46474
73320
96668
55199
42629
19981
72870
14306
50251
22059
17258
83113
44622
81797
65006
95239
71597
62663
27095
1953
81894
50760
71669
10821
68596
32156
47984
54987
79850
8567
18154
99950
10750
9525
30006
34735
5872
13875
44922
76107
84728
19548
49831
6217
44539
38310
80509
52292
91966
36018
22296
79514
37700
49392
4300
30717
61937
52628
66746
93239
70272
77548
61283
54105
92652
50687
96411
13157
51132
77451
44346
93303
178
71252
87132
89517
31729
59636
64860
42480
45570
34685
91629
11480
15968
93125
59047
15139
31048
57850
75225
57502
54287
81990
23118
505
45099
1509
56805
5468
41205
49714
95214
59152
32786
48660
55379
91834
11418
19572
58637
99671
69981
70326
96414
32672
51186
64518
28962
40860
42808
16858
72688
33570
61348
95300
43023
49760
56038
35001
91058
52096
18262
37834
22449
27474
35769
47989
92668
57152
75499
14427
70137
3132
72767
69495
10095
80616
58908
71029
14680
50328
3149
94519
295
57145
94553
13049
88513
82452
31092
68307
43049
46005
50915
33288
63970
57022
71870
38837
12509
16904
96042
78572
7019
41983
8341
58321
70583
16953
35963
25720
19656
63234
8771
18583
69464
1055
77666
55551
53415
13497
98696
30702
60902
2231
5900
12965
19919
42646
22798
44115
12449
20543
8476
58121
2385
43388
37099
26450
22322
61759
23139
2779
1885
86752
83459
49389
39633
82851
35106
99516
80307
14203
46366
74608
39113
61246
68433
71798
31952
90991
44294
6395
25701
11095
79242
38554
57179
2313
27171
96417
88873
28255
15742
19760
4251
56432
46896
26198
55876
6510
95633
54357
80470
5931
754
10112
74918
47880
48362
46621
70834
5404
83167
48345
68818
64348
2873
81901
29633
93144
55812
21785
85854
98026
54354
23442
67376
50995
8909
87341
99222
10574
12734
12694
29598
65828
99729
70490
12072
28720
6337
4961
27314
12422
88295
65831
32482
21972
27232
19305
44461
86248
5448
87331
45270
53515
17537
4123
39167
88388
56100
99871
63202
64143
60954
92560
77276
15996
18565
28500
56142
12120
9392
54588
928
25592
5432
34173
45649
25407
92243
99432
36711
45477
25970
85243
25994
89785
37023
40803
61997
86014
83495
68467
14376
81901
53553
22746
2407
77080
83339
23279
55041
7045
28196
37514
59173
32579
82912
39969
54537
65437
19477
38020
69904
13610
26092
30707
48715
55929
4346
34582
17745
56155
23061
48517
11889
83921
28568
20834
51877
55651
34975
43602
10176
15339
42770
19839
56819
70307
58952
52052
24470
49655
43750
13934
30335
23488
391
14758
47053
63270
24889
35471
18047
18027
67157
57030
87389
65542
81522
24322
96984
48749
83042
66888
92993
20929
76219
48045
55996
15203
47331
25510
10990
48080
52522
48652
39405
97272
9456
49426
31732
82081
30392
7179
49338
33643
85017
84002
29139
14999
53429
69944
37178
22280
23701
74048
72086
23827
65823
7704
14288
10809
3
99278
87293
52841
85313
43650
94143
79518
19232
73965
20738
21133
27823
51504
7887
38353
34411
37380
48461
35286
13682
85316
67512
35817
6703
11976
90886
66269
19945
26187
87402
64509
85276
14841
89193
77176
83857
57907
50617
78943
14446
95825
16071
47866
14352
49598
58069
28418
64133
7468
37939
69596
6977
31750
60658
16361
31682
83929
8021
64077
79829
31062
39536
65850
94785
97486
20632
14507
43437
39088
12005
48085
65934
62149
16221
66935
42953
76115
29927
59788
91569
80437
7353
59321
41222
58401
87066
7105
20582
9377
54620
78978
94364
52855
35050
60853
20126
57938
56209
79758
23550
46694
20174
46150
26869
59555
57624
49830
48140
19611
4134
2579
38550
8520
61852
15241
3208
30356
28160
63031
60283
58297
69653
76938
64851
50563
60645
64312
52641
1802
81541
46401
73261
764
85304
99223
40003
64347
53288
4782
54947
5862
26310
78313
8236
33472
98583
86397
95288
59942
59715
5370
57578
18442
17768
67665
21037
73292
31146
79173
72848
6427
65250
41590
26686
59224
66159
370
48277
21859
55756
8517
49906
26528
21357
68749
85737
41044
93646
44744
98892
13424
58133
9770
58329
37563
29133
35039
93641
77667
850
16649
65888
24666
11018
25663
40190
28553
39490
49750
39342
91335
97116
9566
67802
35849
96275
16019
54133
33472
68017
52067
27068
23552
73567
28369
77833
89570
59346
71672
3031
74852
55188
37762
55877
50675
41810
37453
72372
43102
77989
31025
87616
86628
70007
6842
65830
7969
88835
90630
92030
79862
42873
59577
27629
71041
70326
28109
80687
13030
46907
10988
14407
76692
99675
2072
18431
38231
89789
33469
10115
34118
13143
75640
7084
56742
42335
68198
47183
74785
87548
11572
51576
62075
43632
3758
41981
70307
4444
33941
99238
18000
80658
2301
50930
12233
16634
15843
34510
48410
2929
32721
50606
73963
64860
29846
54888
23160
29693
89658
64566
71472
54648
91112
92720
21156
30027
21270
81299
93657
10839
11404
3343
79488
88451
489
99504
60237
92872
42991
59975
2412
10528
40045
8169
97456
87910
41775
63509
35683
81645
22047
21460
49937
83597
53960
38423
51600
64968
45914
853
6027
6427
71457
3922
40752
14691
44481
49725
43601
2978
12841
65027
96587
87528
23765
31865
25264
51657
71716
69727
77330
24245
46320
42553
21422
31445
85875
447
52775
58408
69807
34720
35865
36468
60630
89027
93483
93206
87449
81201
34679
21016
29110
52558
76928
79197
16088
73175
90529
84446
14321
59389
43115
40354
21587
62320
8028
95264
50052
39764
68996
56997
35246
27003
69892
84188
57449
68989
35411
98351
8882
3612
73971
20944
81309
58537
23961
6515
45138
56263
24354
60384
61283
98081
17500
19887
62715
76157
24822
85938
34113
12373
6728
55214
86924
95977
51655
84074
94080
61206
92718
26511
47637
86546
6439
86487
51734
9286
64299
63754
21306
21299
13507
58800
7815
1213
66255
90017
68189
99918
20338
71371
88961
41107
51161
22436
8897
52331
98299
63175
10923
12256
62515
81642
81712
60708
8315
20111
76391
14226
72781
8429
81969
85662
75299
97319
98990
38542
35629
70051
47142
62101
38596
47306
51078
44510
20504
36159
57918
20335
14900
19219
3057
99934
64931
26988
20985
23222
4428
51966
66056
95894
53865
4349
5183
61879
86769
91009
82310
61091
4064
80420
67018
16468
47476
92619
80736
43640
9402
56690
83886
38131
8772
96509
27105
97441
64014
94863
39267
45671
7773
40705
420
30744
60436
58831
79529
4179
43804
73462
71346
56082
85273
47490
8365
85654
37846
9480
75357
61441
337
54350
6228
67656
14947
38349
89964
59781
18686
66061
68041
81679
80888
71568
13207
60858
6362
8220
98179
98786
31837
94152
68628
90538
9593
11601
6045
16742
69487
3997
10110
96257
33337
61710
4166
41684
78620
98864
3896
92212
28065
73444
25821
61400
90283
82103
70183
24039
21590
62055
22340
37783
37201
54845
50418
62446
73377
34312
42439
49775
29546
47374
2893
21290
66320
639
47377
56020
73137
72004
29159
54341
81992
74433
29942
59008
42870
9963
67351
21000
15684
68476
5267
52692
46921
7920
46061
25992
85151
29999
26044
2955
85849
44683
421
55912
55116
36193
39940
26638
88045
13258
61002
8921
1270
82324
36671
70886
14058
19541
67708
37748
11890
64244
67252
68508
3082
34675
10709
11013
1157
68462
863
62195
54967
76934
5296
61551
19213
28559
22887
6792
22268
28746
54756
84577
51409
22559
62887
25643
53162
19470
47909
21172
94539
38920
41168
64760
46720
31987
53367
51617
16541
86174
11516
90473
57142
27530
27807
74121
43257
1371
26447
60651
56339
83063
43701
48703
16104
51330
35264
7023
11461
66400
90012
48495
46699
7540
43637
70841
16895
58593
5646
64165
51618
43052
71530
60174
94124
28256
15097
92844
80481
67196
57459
17642
27193
323
8352
20164
246
94830
82239
50865
8746
30852
69735
41737
61807
56040
30633
13677
33625
49213
17765
53628
88745
3557
59675
84366
71687
54984
35086
24109
3316
78372
88782
53727
40059
54533
3684
55769
23433
67382
90117
92542
59150
33642
76781
68848
71475
71845
25672
98037
85393
91601
88970
39294
57660
76349
97520
91987
22295
12774
43839
49152
55917
50658
41836
88125
73116
99857
81726
71687
3871
3365
92808
15407
51139
81647
42137
72736
1767
80589
1384
69646
49869
90559
77970
95826
27405
1708
1257
57738
78734
20323
64163
17804
63810
19404
70599
36505
61964
70481
83323
69302
98331
45912
25335
86290
22413
51629
30092
48708
98065
38167
44822
28055
55664
82655
84614
95456
62753
64893
20276
60870
66173
67929
20577
1074
15211
21953
42559
82290
21940
81655
56316
90402
9230
64271
27852
51754
71558
30088
1558
45430
24126
19314
52882
74281
38734
35175
36487
7694
96201
11517
47565
17059
1146
86712
791
87959
53721
47777
70190
32704
25189
57270
60996
29272
58950
42167
4309
11344
10680
71999
88831
2593
55409
55062
64542
45948
5376
12600
15940
99480
87525
94512
78579
13100
40250
72871
12533
3760
59011
37558
29609
54856
89986
10573
23610
35455
6044
28030
2197
11498
39960
59981
35041
96109
64706
89415
81573
90890
51099
2205
7122
7566
44358
61148
68779
18552
84020
41383
6816
36614
14854
5633
77868
4798
83010
90992
30991
66277
1826
64700
5747
96304
92866
58398
17720
33185
19481
73727
14792
2147
44902
45288
22338
49640
95716
66719
83380
96718
28412
1667
64708
86252
33419
95667
95479
54040
32769
70024
37751
24737
33989
69438
76313
93563
56267
49092
21634
72440
86158
3804
75218
20378
33146
72551
31869
91741
6031
84184
60438
12476
19530
69925
53640
1010
19571
76393
41698
24346
74136
89824
55057
35719
56371
84994
18801
63804
89293
9607
66079
84268
81800
89130
71179
35045
76641
29970
97641
20380
25942
68231
43571
54075
36735
85210
42952
61240
61104
76174
14917
15306
95149
26199
8910
1203
56032
70802
71821
88862
6083
43710
64555
91656
99243
33413
36923
52605
26100
2274
37296
49457
98830
15258
11014
5022
71516
34885
97662
89905
52731
69229
47457
79016
89018
54066
36837
97149
50102
94754
3158
22039
72408
46157
83125
44146
54622
35035
62735
78247
51178
13809
89920
28840
84549
40591
54149
91384
35871
27469
3948
47085
23365
45246
14937
87516
58881
75336
31721
65325
7001
69578
10977
30418
76263
46807
51693
89542
9478
21150
90728
23045
66062
84061
58087
24145
58639
381
90647
28300
63256
83646
27613
7957
63760
65974
91383
56110
27326
33253
35348
36869
35833
65363
50162
43285
57159
72770
61171
41220
58699
19375
560
85871
28527
80629
62012
76676
73597
2698
89838
67139
253
13786
80407
29077
10972
68035
30552
15860
92588
1181
17011
65232
80577
17363
69190
24434
51423
59981
48007
68505
82209
15129
37607
93271
38752
70731
72236
72604
98686
13849
39480
16253
38671
92340
26124
86310
64546
97692
571
31070
47137
16313
4423
13696
87023
29275
46612
73613
34528
65166
93645
96539
80200
39681
84013
13188
91246
14972
86550
84673
31581
11486
49201
82766
5489
60685
14476
17093
55480
48741
9444
36796
58912
88089
81204
61669
13321
1825
87073
12058
19494
66939
84525
54805
28287
67870
27611
61683
21224
68427
46569
65976
85651
11666
95803
3037
18358
18293
93393
2319
28198
26602
91861
68113
12051
59444
53824
85373
40737
8487
78181
62467
34582
37509
55228
64584
49535
78429
48144
27600
80389
75813
76163
88601
1097
16766
13688
91606
73256
31864
38660
21271
306
92064
1940
64928
29482
82412
51625
63717
65515
11191
7017
34476
63097
52766
92545
32980
65691
47089
54635
88952
83596
71615
53206
77219
85090
52914
67677
79302
56676
15315
44722
947
82954
96745
99908
90563
95325
12087
73915
3487
28453
69014
37906
98351
21258
26909
14249
98966
899
20030
61566
38135
19298
19373
92261
26064
85760
58348
74400
54977
48228
97101
18897
86899
30032
85325
73291
63877
13906
56277
92787
28970
98321
98253
74800
21047
49730
31290
43861
63348
68992
50149
16663
52938
55783
6314
74092
13640
60431
82448
76173
61068
22501
20705
39590
88779
50226
74606
35127
53323
65483
47707
63673
66955
63823
43718
54142
53274
64306
73907
84286
26583
15684
6085
47011
41687
56957
56099
73598
25730
18863
6753
80063
9299
28341
5028
92490
63753
70511
62588
23784
37699
33156
75222
6939
12469
63170
38900
45375
87370
8795
49779
28979
4417
63848
83032
31644
98863
37381
7870
89773
87032
61415
79229
17673
54169
10085
6007
38135
87474
65187
57259
53466
94364
53765
93332
60664
49198
87076
17780
99521
97552
90929
81435
81773
77999
81962
17877
51667
85181
71909
95267
46172
76907
42469
75693
20358
91764
56498
98076
90797
22959
9061
46972
74774
79376
11488
77326
10368
48881
43163
44905
81594
5449
74252
29975
44256
43420
33576
98798
36397
45972
27033
58821
4427
99094
35745
74820
72937
86223
89107
86212
14626
30897
18750
79948
97968
90899
76135
97025
21526
5018
49464
23865
9854
91306
80083
86098
48018
50198
82229
5380
80690
51410
70733
33963
24643
71361
30337
85743
54226
11718
22501
88997
70049
2447
21272
55511
88589
67255
41386
59035
45656
13625
13197
58258
96979
34118
9307
46682
49198
5236
50228
86338
39704
72552
73899
3671
76357
44592
54902
21173
23960
24282
63587
99740
10824
43749
25756
74004
85430
57776
36908
76722
3446
23341
42830
58680
7137
5501
75581
73007
4151
63699
44784
78658
92942
17177
74695
90495
86138
15970
97841
16926
52033
1771
81112
1499
9638
793
53681
23816
96050
96491
67529
99234
42663
87455
98823
14679
43334
66561
48009
7413
54569
9556
21779
66941
60294
95487
8399
3043
10304
73056
28162
24943
15021
21943
86138
30648
26075
55387
21576
95149
17490
89465
91240
62945
1115
80110
73567
76276
55667
24621
58262
13019
21483
43150
63265
46724
1662
86090
31060
92910
14377
40891
9710
36199
41611
91681
93582
318
27222
18535
95610
82507
52037
3521
94691
12839
49207
17815
49939
47004
9684
39616
42092
55317
58216
93778
71343
26865
15167
28380
14095
68711
53115
59643
65214
32230
13035
60911
82342
50412
40036
77081
98406
15529
17861
94406
36831
77883
29544
92719
42753
44612
63860
95607
92779
36795
36821
28165
93093
54752
27206
66662
20998
66614
48223
11791
54305
32805
51917
76715
33093
68552
85152
71758
7339
96961
64992
13189
94170
64992
56161
77371
8051
48189
3214
79836
9255
33562
21621
85192
72784
32820
6768
87197
45566
7659
29017
31172
31018
99949
59383
84788
15540
59346
33736
27465
46790
77083
78258
9806
64076
50499
91380
93813
89341
14301
59719
76480
2214
39523
39630
40103
62621
48746
93679
68070
47073
90565
62812
46950
77523
28031
36441
68884
50680
88144
6716
66853
81572
59656
51243
77016
82176
31941
41526
59298
89470
72930
86746
80768
96261
20478
45749
3036
77191
93297
47540
24356
79541
72076
33360
84004
75935
93272
45104
57717
1030
72086
53248
28112
28415
38953
42211
55178
98876
13598
8985
53424
23853
65808
75365
22539
76790
10475
39686
22848
16891
37211
71691
60536
27308
13322
77530
94679
5398
98859
56469
33756
90627
76101
13525
36410
85821
60514
18300
97741
6362
20811
8078
98822
15162
84606
96038
37081
44605
61739
50779
91823
73021
18893
27754
20149
79177
23004
51883
16671
90988
49861
87681
22255
79107
29829
22944
8087
54781
82582
93939
13379
49184
63344
55351
56472
47475
84869
79814
20619
57010
92797
36609
67589
82000
76661
64551
88381
18220
49828
53448
1307
12824
22154
14986
9955
97681
89650
28202
82427
35759
55740
47221
64955
12484
32364
12764
69737
20000
60080
81810
62201
5358
78077
56520
81391
95850
72781
48950
59410
56831
99600
39357
98033
71355
14640
42866
40104
49502
8317
79223
57577
90079
14287
98682
51730
41618
87262
72586
21350
60854
3914
10549
30114
52770
81581
40831
44807
83478
12712
28717
92292
60258
52681
57417
40495
16997
93429
69295
10150
48012
7703
51923
62230
31919
84647
88656
96554
26333
54072
93794
67549
27124
59724
55496
17160
12839
45780
34640
93391
89030
7806
9948
38530
38401
44834
64575
36237
57357
75951
93121
11430
38225
51303
6075
45184
69500
78929
52306
75411
60039
8032
84278
32770
88891
31773
50779
51755
6391
32568
21039
24752
30758
50612
67853
52123
99792
76864
44881
55204
32004
37881
91611
80247
98111
14103
33035
94825
57737
501
19242
66544
85295
4738
20866
38965
79466
65004
69223
89170
13008
48272
62821
882
27170
16075
89614
33870
43202
37427
63429
29692
72242
33279
4005
72943
24405
89916
81076
46853
38836
99331
11495
45246
66188
50159
54706
32167
49138
57549
24185
46895
12369
54023
47217
47022
66906
77797
29277
4813
45279
20564
82859
12680
11355
53529
12039
10284
8091
10979
44661
90406
94133
88832
76798
30315
65200
8251
55998
53487
55475
40211
79009
53539
46178
43232
73035
14105
33558
30568
32286
70896
62745
72464
14436
55515
32330
44609
25675
65557
85422
55561
85951
17024
30820
43419
84965
78410
69198
53212
53206
88790
40007
37683
55825
96422
36221
63923
59373
1095
1389
57027
20608
97553
50452
18388
833
26232
44832
9419
42660
99993
12762
60120
57319
49764
3427
65715
56389
98331
82551
39015
95766
35608
54328
94831
69659
78311
38903
98190
27937
27371
74911
83650
84189
54281
5059
55428
69863
49203
4178
19915
78321
72372
72702
79607
60997
47352
45695
36809
29387
85811
15515
3510
33788
82547
7074
84996
25700
39266
92794
14962
24717
86007
37027
14437
7908
27934
91637
30291
57606
5640
63117
3857
47202
14442
67410
15990
64296
60671
67334
22010
98491
27275
12729
77605
94145
40100
1098
89557
94831
19320
65913
60636
19459
22133
45769
33093
92430
54566
59605
76384
45830
54703
46766
64699
50046
52438
77465
98792
25923
64550
8666
11983
4579
46379
2390
77857
6875
42769
64096
47482
53737
52132
40425
87724
91186
6784
36768
27968
57967
30141
34302
22356
30031
59671
75764
302
58579
51336
14750
87525
7604
32463
28943
95731
40191
31006
79221
78392
50870
43227
42345
59431
78741
11526
64590
52650
45724
66562
40653
80213
21049
85854
6863
1495
55767
36293
76439
11414
46960
58737
46818
8966
46454
96995
37529
1901
82019
67426
16321
89890
17575
90882
61663
30531
4767
95933
29311
99374
9720
23885
86450
15193
88314
911
32291
23773
5545
59864
69484
98407
95798
82887
5212
96281
86453
35565
32296
95073
44044
90935
64588
75275
2830
16113
42398
3027
31209
26141
62843
29862
18243
93085
82468
23233
74723
79197
84626
97816
66360
88623
89726
28437
40878
6071
58789
67158
53693
86418
64457
44116
30205
43436
87720
6014
67248
12577
17760
45809
14436
8799
77206
87204
15183
9698
50369
41891
24335
14271
40376
97739
3542
37085
4639
14571
24750
49723
3683
19420
95346
47173
66094
78932
22741
95942
2646
17161
87915
96738
12791
66292
37336
66150
45761
75517
74688
59410
58986
42836
44829
88337
36084
5128
65041
2280
24092
24712
75003
17527
66603
60146
55142
17593
10316
25121
16175
47881
95865
7372
64814
11252
84473
33261
51195
2478
18450
49594
20088
64269
83071
28617
4132
66501
18812
60339
9081
7396
12167
86959
76314
20218
1561
73563
15806
16383
43301
59581
30968
26790
14590
74974
30542
72037
97590
61514
24324
44025
72516
19120
91032
8040
93446
38008
9651
3477
88174
16770
78304
69424
85282
68130
48985
22855
12555
61467
5607
55194
9691
84622
5037
7810
68468
76195
33433
70992
11409
45227
47307
8765
95318
55711
49006
67769
2919
18256
20842
94877
77243
27292
75569
69428
60629
86061
82838
63846
27549
35489
45698
88304
2431
30746
18470
40689
7409
82464
75194
63473
41900
3114
74331
10995
72373
61879
63227
71475
5459
25371
81589
92991
82182
95131
69165
3679
37804
80937
20663
37770
22200
96548
13467
5983
12896
53390
96928
54227
87163
10937
35710
87550
1399
55259
7297
10035
10411
91669
21859
97143
12910
24320
51813
3594
82823
57278
70557
45754
23589
46954
75190
23450
71167
17538
25015
31014
42802
11485
76612
74720
18256
13607
94852
28742
29109
63294
98311
53694
1055
12775
62199
43308
12524
92203
93409
67119
59439
80724
27627
68735
95846
8833
41287
73399
79029
79642
28365
93921
74716
76896
74649
85305
51918
86619
60678
91671
98601
56644
21154
74124
78225
31334
37501
32730
6176
5529
26647
5874
49577
40797
23096
83766
52011
27066
25510
90444
54764
37614
39416
51152
96597
62632
18327
23836
34281
83587
2301
28943
49102
65176
79510
30384
9875
53244
89588
95209
98234
42209
62192
75469
41556
54758
55355
27667
11658
83535
44533
70486
87876
72998
99897
75134
28445
64352
50405
45421
80882
71429
27306
90255
68923
74213
38339
35097
23721
88546
61504
32598
3088
28086
44
49702
45114
15033
54476
49491
88987
31478
34365
5505
57244
1552
93229
40800
68223
41989
66644
23451
74498
46673
7091
52848
83861
43784
6018
89023
81810
7467
97205
13372
70706
16207
35380
53670
49163
45731
91082
3478
21831
34946
36574
50124
82005
89250
12008
63391
78576
40054
47642
76789
39711
37461
33174
16647
13148
29703
15056
38746
44159
9443
5674
74813
20231
87050
61170
28551
13189
29555
75325
38743
34134
9922
55564
47053
42718
97905
36961
78123
34822
14593
75021
41672
14044
92607
92355
55600
84099
5075
65415
45242
39661
49501
1521
91084
10046
56258
48353
32012
91735
44023
10621
66662
10532
53253
18636
69718
60691
65836
28378
1775
55414
39297
21237
13285
46469
29392
69983
46970
29809
87839
87753
7623
68912
91891
50344
37549
26218
86875
73756
51726
67138
99436
60569
67656
95362
11074
55498
11220
32172
80148
90513
81922
8573
94523
16586
29866
10541
63676
59568
28282
10203
29188
58479
65767
66699
19121
38530
5328
83687
55679
62222
67852
45738
46372
79057
63323
90614
5690
17512
15523
41317
90859
97796
65169
55426
78424
35548
74846
19754
59376
67227
27299
94075
87381
98075
57957
4219
72957
95089
52013
90379
90223
58324
9043
28861
99800
94642
58196
64048
83460
78122
1560
69419
80657
46193
29006
79279
14543
79735
88278
64897
20341
38128
69103
84922
46860
24442
86380
42190
87498
57316
88153
40518
37219
58733
39821
80397
45585
75159
47435
84789
36757
74950
43413
74701
97070
90697
55011
93674
65058
20904
60420
22528
33014
3094
91747
73392
1219
28642
8773
49724
14063
89616
72148
19885
2093
82132
83267
99229
90996
73233
54528
54103
22233
39367
74272
60197
29731
8599
32612
87781
99572
26554
26787
96454
10450
38214
86637
34387
6949
26633
59999
2659
22242
43417
38599
63766
82037
22419
93260
3817
43220
15293
89618
85903
38402
67152
65010
670
92310
83438
32262
47896
61360
4235
42889
99603
71928
45374
37667
43172
29440
81952
15330
70092
30507
87902
66154
14496
343
20478
37814
44511
48590
76840
53789
14599
45328
75126
29616
34987
53959
69780
5807
63187
55797
48898
76664
15271
27692
82455
13040
6772
44867
43789
14847
91128
19424
45476
96540
58663
45281
17212
20551
14678
75931
24129
40658
1043
25491
48678
25321
91029
63027
61323
84888
57751
43603
72706
75040
61638
11017
93856
74971
11697
1642
66212
74721
54526
16841
63952
38640
11374
20933
61563
33733
34962
69811
28878
72815
25319
87883
97032
86475
26279
42499
75668
80205
34357
27544
60853
56918
2358
7139
51055
16241
85572
66140
46299
30573
32247
61743
67380
22884
12882
46940
4547
58190
57960
29761
94920
68476
8228
47973
41193
31687
96508
188
81259
23132
90071
59401
89579
33434
37805
57558
52124
45370
79365
29520
40480
33604
39879
53483
83009
44307
37565
62313
41599
75794
51137
66639
73032
30065
49836
20156
15080
61879
43382
56121
2028
85667
7572
48188
34395
15410
66511
51797
96388
65234
97132
139
83210
7418
67075
13850
961
42387
57949
59213
46754
86740
72405
30910
89366
66751
1392
8228
33745
50425
48510
50835
11573
11514
80211
57306
10131
28566
16169
60865
42866
17444
92925
58823
36598
60912
81184
14806
85247
46320
88021
70734
33688
116
15225
5254
64926
22142
28297
43087
96185
9676
91512
76424
54077
61672
92955
47533
32508
8244
2361
25741
3951
37605
65694
6820
84253
3263
17761
34369
66993
68987
85645
80548
91029
30935
8392
86505
16432
5245
5315
379
87804
81200
69750
45664
33950
75696
29417
64805
38925
20850
72763
28919
6402
27265
6730
98917
55494
64788
92144
16614
54029
95009
55358
34107
9272
13442
75323
97970
61022
37672
96018
78391
31234
13918
16385
98878
30889
43364
75830
14478
48056
98191
98826
47434
66032
75370
470
99243
2867
1327
47181
46403
8084
97131
19300
27713
2764
52274
6468
23795
30351
73270
3441
62082
11286
48211
64508
80588
89025
60465
76654
93832
64565
95005
57752
61117
62610
97211
19289
3777
34542
57159
61623
31680
87357
45636
50913
22813
28600
32510
43331
84735
72529
87542
74996
37145
1846
13010
6991
32952
20799
49519
57931
93754
99587
3493
39253
42058
81430
1738
16342
66235
39293
25414
31259
32542
32138
36312
35208
82671
36400
24410
63110
84195
35123
88701
17195
6896
92277
88283
95123
96692
66206
91408
69075
34698
50845
42336
48655
546
29143
47214
72705
41080
75388
81888
52474
45457
80259
10750
58606
97630
70109
6363
56021
67832
65218
77369
34157
67994
74159
41484
55569
72630
12377
48716
88978
40458
53874
26819
53177
10227
43790
7188
15847
18590
79563
96894
2525
83546
4959
45028
57140
77140
51607
7083
77349
47694
62063
94777
8863
58730
17447
67131
45887
95788
69569
55192
36550
17583
11474
51001
15065
84234
8538
1418
6426
19388
5174
1809
73066
33228
4423
51851
38453
76026
15685
18833
95694
97107
12412
46499
46341
19282
34118
30529
48962
39578
81610
83226
42228
74302
2822
32575
87637
41725
51990
41931
45066
3597
43055
61490
92815
92979
88628
37888
68369
3625
43053
43566
86333
26114
90526
88752
74508
88178
75672
63937
15233
948
96484
45589
70022
80827
25404
57830
21990
88765
98436
93757
89681
22855
438
13294
77570
14729
40203
32099
70740
72999
14492
91205
26242
7210
45764
84355
35415
12639
9145
12236
61555
98963
36957
22329
82583
39000
50250
87141
77741
16560
78444
82748
24608
63088
2949
23997
99021
2528
90299
3926
6242
32635
57425
53395
70823
54431
1132
7061
96943
54823
22130
26222
93773
23775
13511
97583
60880
29358
6793
37502
77590
4859
34077
56094
17893
53841
86303
99421
58162
13973
5582
22801
72173
24627
85345
61612
33473
84974
54742
80238
76664
84179
26262
15826
48761
96489
42846
94169
85607
2494
88257
47872
82421
67417
96616
43904
22821
65085
11017
78463
23669
11188
61408
20077
68673
71851
98576
17855
38706
77633
66998
98585
26470
81896
88750
23357
84947
95674
89147
44209
70821
8242
8092
70608
83765
56898
94288
58405
13288
92089
55623
55564
89372
33435
91954
34833
51082
20620
96942
99159
67528
80446
7775
84108
82508
36452
51363
65379
15526
96568
45868
49270
33498
87339
9995
55940
75031
15185
71865
58990
18568
48532
54156
72365
51987
42879
83084
28603
34209
97289
14798
47722
28920
82384
42232
5454
7798
61398
61
14011
15021
27680
60884
49835
29836
54015
78057
21156
68330
67254
36655
49779
88346
39131
14173
66267
77220
20386
66032
56036
13258
749
14666
85045
40770
98756
14544
54810
78789
95817
11114
64197
32389
90031
12550
84056
38347
58900
91800
35189
17824
17013
40178
81771
75099
8861
68225
4569
62917
71111
96979
28915
51915
3712
12044
31188
64751
55950
48860
34456
50820
30441
46656
17629
90624
4450
76098
70584
70194
82962
8094
10796
70515
54825
80391
32548
76549
45628
7689
87753
6578
80604
4130
28983
5688
48083
5879
56814
80531
68655
38069
68490
44949
26683
16485
62108
60792
32324
75304
78956
15005
90604
10276
13784
92496
38351
25991
32248
86656
32832
81320
10798
47028
93513
33078
77564
19707
19444
5701
80984
41479
51091
56520
84858
67968
42198
49435
29422
54070
12396
68692
50184
18515
69254
30751
40891
3305
74286
69030
13200
28278
15477
24262
54455
13726
41040
96190
76629
79513
26516
44590
82611
38730
11147
75303
83107
68947
12880
97441
96964
63918
42285
69905
35892
95714
12246
71419
30859
29083
14569
93285
18979
82245
28514
97983
79717
62426
6957
34313
15554
57078
57353
98038
57751
91619
32767
54914
73894
45514
85023
60387
42585
62634
29148
18542
76200
55749
26504
42048
18213
25283
90753
66971
75180
73926
78634
93201
14262
93109
85698
99793
14720
83784
74306
37168
83810
77438
57970
37902
48632
78766
77504
37550
90403
25516
95250
42656
92619
83666
45530
14129
99137
5252
33616
28707
64298
42175
71035
36909
69157
83261
81944
32823
88675
90944
27195
72782
7982
96276
12269
20966
24355
74505
63768
44710
99040
72647
15582
44055
77226
21385
41614
89064
96229
88375
72552
54564
72966
61599
98674
85543
45882
38654
6170
58806
12628
7974
10486
62629
95830
54628
31550
73137
64398
9004
53274
64425
77805
14491
88333
39743
72352
98378
85235
55808
66305
25400
98991
70661
89107
72686
10717
14217
3294
85672
82091
13352
64140
21617
70514
95299
94398
26944
81336
35708
18471
93303
73056
78371
53385
55437
28838
30572
14081
24890
45006
67918
47177
47645
97851
28583
26468
57767
25197
83205
35406
57119
75136
82914
85260
60313
56097
50143
66380
51131
86523
56800
19944
68662
70928
49015
30447
30425
50170
41085
56797
76922
81140
61041
12599
16384
52050
60254
50324
15499
82226
11294
29692
10935
97154
51029
36992
93258
85395
24058
39369
48327
97036
37293
27675
43882
71628
2565
16030
57119
89947
34644
55144
57414
62302
70087
20500
58508
12760
36560
55634
96545
99555
65435
6928
52107
39695
95348
11293
60996
83977
65417
30239
17414
64794
25438
9720
19568
10088
85139
50430
8547
41774
56562
50826
70891
84779
44042
44634
66177
50467
72948
23583
2660
44574
11693
51104
91195
49764
92636
92059
16576
4265
10737
90910
24436
56260
19748
44094
81252
91591
42877
38934
29775
50141
67059
26717
93748
98669
12606
84934
56408
43758
17962
35312
91443
9586
41590
18396
98140
64678
91766
96764
62442
41613
50572
10555
29885
10166
62872
98340
57725
35317
72697
92830
69538
12383
41184
59035
40343
61576
45934
86379
86630
32672
97089
17634
96510
19016
88585
97770
13980
59649
93122
96009
26377
92133
6189
86649
93069
21486
59154
98981
11656
86068
83194
50555
12149
10961
5853
62186
85480
78142
96169
30160
3123
94237
29976
29227
7094
56820
99231
10215
20985
35003
62286
60311
32364
90539
20699
58970
46452
15552
29041
97756
54792
60403
20857
99461
6918
65574
82423
28600
77060
4083
74522
95117
86115
54945
93429
30518
10941
35253
51379
66611
91245
51593
66781
3425
71430
45222
25398
33248
95628
84153
50961
51353
1692
25740
93629
40168
906
14050
27613
88983
48641
69064
91164
45355
90719
42735
14703
26215
56684
42749
23182
54371
64902
12426
99389
10628
22599
82508
23803
68367
87658
10854
96946
84216
47675
25060
1257
9864
21434
33676
51814
52826
97579
63021
22736
69122
32708
24558
43010
59226
19590
48601
11364
94333
6631
62355
72986
53886
25829
28074
85705
2727
567
63774
74797
49919
85250
68331
58777
27286
29981
26288
54785
3724
27908
74972
30321
35667
70261
71079
77604
43352
12792
60146
46926
84225
78850
86588
12713
41124
34571
52693
68238
46938
45213
90684
75267
57055
9997
58631
10541
24781
67759
10059
11496
68753
97108
59675
96650
4600
69782
28994
51733
34333
8391
56494
68300
38573
96014
50902
3417
87346
27252
4082
19449
34868
98701
18601
68487
19129
41740
12573
42079
84854
93182
99928
35265
51291
49735
33998
46354
58815
60488
43612
18127
37139
7569
97637
37515
76804
57125
62216
78406
19181
47873
92548
91611
47976
29827
12874
97376
82525
90626
37193
71834
75161
1233
13670
84417
28766
44236
6470
88728
48721
33613
18099
73204
28522
80782
63455
51166
14074
97539
31071
1077
89871
83892
55134
78813
30408
93695
57961
68334
15188
40835
10101
98756
13006
38291
98369
44031
45764
6331
59042
52889
17354
97174
47654
68123
61072
14068
888
6226
64234
25430
15893
7521
94773
4321
80860
50336
95696
135
36033
74691
17078
3064
41919
75057
59434
84686
64112
9249
82371
3990
56900
91200
91905
66175
54324
68873
61727
51939
79981
6594
56005
15385
99794
16507
11950
92761
60530
98887
44955
63128
91786
69033
59015
